0 0 0 0 0 0 0 0 0 0 0 0 0 0 0 0.004377780319548674 0.004377780319548674 0.004377780319548674 0.004377780319548674 0.004377780319548674 0 0 0 0 0 0 0 0 0 0 0 0 0 0 0 0 0 0 0 0 0 0 0 0 0 0 0 0 0 0 
0 0 0 0 0 0 0 0 0 0 0 0 0 0 0 0.004377780319548674 0.008755560639097349 0.008755560639097349 0.008755560639097349 0.008755560639097349 0.004377780319548674 0 0 0 0 0 0 0 0 0 0 0 0 0 0 0 0 0 0 0 0 0 0 0 0 0 0 0 0 0 
0 0 0 0 0 0 0 0 0 0 0 0 0.004377780319548674 0.004377780319548674 0.004377780319548674 0.008755560639097349 0.013133340958646024 0.013133340958646024 0.013133340958646024 0.013133340958646024 0.008755560639097349 0.004377780319548674 0 0 0 0 0 0 0 0 0 0 0 0 0 0 0 0 0 0 0 0 0 0 0 0 0 0 0 0 
0 0 0 0 0 0 0 0 0 0 0 0 0.004377780319548674 0.008755560639097349 0.008755560639097349 0.013133340958646024 0.017511121278194697 0.017511121278194697 0.013133340958646024 0.013133340958646024 0.008755560639097349 0.004377780319548674 0 0 0 0 0 0 0 0 0 0 0 0 0 0 0 0 0 0 0 0 0 0 0 0 0 0 0 0 
0 0 0 0 0 0 0 0 0 0 0 0 0.004377780319548674 0.008755560639097349 0.017511121278194697 0.02188890159774337 0.026266681917292044 0.026266681917292044 0.02188890159774337 0.013133340958646024 0.008755560639097349 0.004377780319548674 0 0 0 0 0 0 0 0 0 0 0 0 0 0 0 0 0 0 0 0 0 0 0 0 0 0 0 0 
0 0 0 0 0 0 0 0 0 0 0 0 0.004377780319548674 0.008755560639097349 0.017511121278194697 0.02188890159774337 0.026266681917292044 0.026266681917292044 0.02188890159774337 0.013133340958646024 0.008755560639097349 0.004377780319548674 0 0 0 0 0 0 0 0 0 0 0 0 0 0 0 0 0 0 0 0 0 0 0 0 0 0 0 0 
0 0 0 0 0 0 0 0 0 0 0 0 0.004377780319548674 0.008755560639097349 0.017511121278194697 0.02188890159774337 0.02188890159774337 0.02188890159774337 0.017511121278194697 0.008755560639097349 0.004377780319548674 0.004377780319548674 0 0 0 0 0 0 0 0 0 0 0 0 0 0 0 0 0 0 0 0 0 0 0 0 0 0 0 0 
0 0 0 0 0 0 0 0 0 0 0 0 0 0.004377780319548674 0.013133340958646024 0.017511121278194697 0.017511121278194697 0.017511121278194697 0.013133340958646024 0.004377780319548674 0 0 0 0 0 0 0 0 0 0 0 0 0 0 0 0 0 0 0 0 0 0 0 0 0 0 0 -0.010451785711868049 -0.010451785711868049 -0.010451785711868049 
0 0 0 0 0 0 0 0 0 0 0 0 0 0 0.008755560639097349 0.013133340958646024 0.013133340958646024 0.013133340958646024 0.013133340958646024 0.004377780319548674 0 0 0 0 0 0 0 0 0 0 0 0 0 0 0 0 0 0 0 0 0 0 0 0 0 0 0 -0.010451785711868049 -0.020903571423736098 -0.020903571423736098 
0 0 0 0 0 0 0 0 0 0 0 0 0 0 0 0.004377780319548674 0.004377780319548674 0.004377780319548674 0.004377780319548674 0.004377780319548674 0 0 0 0 0 0 0 0 0 0 0 0 0 0 0 0 0 0 0 0 0 0 0 0 0 0 0 -0.010451785711868049 -0.020903571423736098 -0.041807142847472195 
0 0 0 0 0 0 0 0 0 0 0 0 0 0 0 0 0 0 0 0 0 0 0 0 0 0 0 0 0 0 0 0 0 0 0 0 0 0 0 0 0 0 0 0 0 -0.020903571423736098 -0.020903571423736098 -0.031355357135604146 -0.041807142847472195 -0.06271071427120829 
0 0 0 0 0 0 0 0 0 0 0 0 0 0 0 0 0 0 0 0 0 0 0 0 0 0 0 0 0 0 0 0 0 0 0 0 0 0 0 0 0 0 0 0 0 -0.020903571423736098 -0.031355357135604146 -0.041807142847472195 -0.052258928559340244 -0.07316249998307633 
0 0 0 0 0 0 0 0 0 0 0 0 0 0 0 0 0 0 0 0 0 0 0 0 0 0 0 0 0 0 0 0 0 0 0 0 0 0 0 0 0 0 0 0 0 -0.020903571423736098 -0.031355357135604146 -0.04965033736024517 -0.06010212307211322 -0.08100569449584932 
0 0 0 0 0 0 0 0 0 0 0 0 0 0 0 0 0 0 0 0 0 0 0 0 0 0 0 0 0 0 0 0 0 0 0 0 0 0 0 0 0 0 0 0 0 -0.020903571423736098 -0.031355357135604146 -0.04965033736024517 -0.057493531873018144 -0.07839710329675426 
-0.01790626186602434 -0.01790626186602434 -0.01790626186602434 -0.01790626186602434 0 0 0 0 0 0 0 0 0 0 0 0 0 0 0 0 0 0 0 0 0 0 0 0 0 0 0 0 0 0 0 0 0 0 0 0 0 0 0 0 -0.007843194512772975 -0.028746765936509072 -0.03919855164837712 -0.057493531873018144 -0.06533672638579112 -0.06533672638579112 
-0.03581252373204868 -0.03581252373204868 -0.03581252373204868 -0.03581252373204868 -0.01790626186602434 0 0 0 0 0 0 0 0 0 0 0 0 0 0 0 0 0 0 0 0 0 0 0 0 0 0 0 0 0 0 0 0 0 0 0 0 0 0 0 -0.007843194512772975 -0.023529583538318924 -0.03398136925018697 -0.052276349474827996 -0.06011954398760097 -0.06011954398760097 
-0.03581252373204868 -0.04476565466506085 -0.04476565466506085 -0.04476565466506085 -0.026859392799036506 -0.00895313093301217 0 0 0 0 0 0 0 0 0 0 0 0 0 0 0 0 0 0 0 0 0 0 0 0 0 0 0 0 0 0 0 0 0 0 0 0 0 0 -0.007843194512772975 -0.023529583538318924 -0.0313727780510919 -0.04966775827573292 -0.0575109527885059 -0.0575109527885059 
-0.03581252373204868 -0.04476565466506085 -0.06267191653108518 -0.06267191653108518 -0.04476565466506085 -0.026859392799036506 -0.01790626186602434 0 0 0 0 0 0 0 0 0 0 0 0 0 0 0 0 0 0 0 0 0 0 0 0 0 0 0 0 0 0 0 0 0 0 0 0 0 -0.007843194512772975 -0.023529583538318924 -0.0313727780510919 -0.03921597256386487 -0.04705916707663785 -0.04705916707663785 
-0.04476565466506085 -0.05371878559807302 -0.07162504746409736 -0.06267191653108518 -0.04476565466506085 -0.026859392799036506 -0.01790626186602434 0 -0.00191801874273994 -0.00191801874273994 -0.00191801874273994 -0.00191801874273994 -0.00191801874273994 0.0019945155687777906 0.0019945155687777906 0.0019945155687777906 0.0019945155687777906 0.0019945155687777906 0 0 0 0 0 0 0 0 0 0 0 0 0 0 0 0 0 0 0 0 0 0 0 0 0 0 -0.007843194512772975 -0.023529583538318924 -0.0313727780510919 -0.03921597256386487 -0.03921597256386487 -0.03921597256386487 
-0.026859392799036506 -0.03581252373204868 -0.05371878559807302 -0.04476565466506085 -0.04476565466506085 -0.026859392799036506 -0.01790626186602434 0 -0.00191801874273994 -0.00575405622821982 -0.00575405622821982 -0.00575405622821982 -0.00575405622821982 -0.0018415219167020893 0.005983546706333371 0.005983546706333371 0.005983546706333371 0.005983546706333371 0.003989031137555581 0 0 0 0 0 0 0 0 0 0 0 0 0 0 0 0 0 0 0 0 0 0 0 0 0 0 -0.01568638902554595 -0.023529583538318924 -0.0313727780510919 -0.0313727780510919 -0.0313727780510919 
-0.00895313093301217 -0.01790626186602434 -0.03581252373204868 -0.026859392799036506 -0.026859392799036506 -0.030695430284516392 -0.02174229935150422 -0.00383603748547988 -0.00575405622821982 -0.0095900937136997 -0.003759540659442029 -0.003759540659442029 -0.003759540659442029 0.0001529936520757013 0.007978062275111162 0.007978062275111162 0.007978062275111162 0.007978062275111162 0.005983546706333371 0.0019945155687777906 0 0 0 0 0 0 0 0 0 0 0 0 0 0 0 0.0030541698215547216 0.0030541698215547216 0.0030541698215547216 0.0030541698215547216 0.0030541698215547216 0.0006764822565775184 0.0006764822565775184 0.0006764822565775184 0.0006764822565775184 0.0006764822565775184 -0.002354539882582709 -0.010197734395355684 -0.01804092890812866 -0.01804092890812866 -0.01804092890812866 
-0.00895313093301217 -0.00895313093301217 -0.026859392799036506 -0.01790626186602434 -0.01790626186602434 -0.02174229935150422 -0.02366031809424416 -0.00575405622821982 -0.00767207497095976 -0.011508112456439639 -0.005677559402181969 -0.0017650250906642386 -0.0017650250906642386 0.002147509220853492 0.009972577843888953 0.009972577843888953 0.007978062275111162 0.007978062275111162 0.005983546706333371 0.0019945155687777906 0 0 0 0 0 0 0 0 0 0 0 0.00139509714333147 0.00139509714333147 0.00139509714333147 0.00139509714333147 0.004449266964886192 0.003318145356446503 0.003318145356446503 0.003318145356446503 0.003318145356446503 0.0009404577914692998 0.0001756945718636824 0.0001756945718636824 0.0001756945718636824 0.0001756945718636824 -0.0028553275672965448 -0.002354539882582709 -0.010197734395355684 -0.010197734395355684 -0.010197734395355684 
-0.00895313093301217 -0.00895313093301217 -0.00895313093301217 0 0 -0.00383603748547988 -0.00575405622821982 -0.0095900937136997 -0.011508112456439639 -0.015344149941919518 -0.009513596887661848 -0.005601062576144117 0.0022240060468913425 0.006136540358409073 0.013961608981444535 0.013961608981444535 0.011967093412666744 0.007978062275111162 0.005983546706333371 0.0019945155687777906 0 0 0 0 0 0 0 0 0 0 0 0.00139509714333147 0.004449266964886192 0.004449266964886192 0.004449266964886192 0.007503436786440913 0.006372315178001225 0.0021325768238149873 0.0021325768238149873 0.0021325768238149873 -0.0002451107411622161 -0.0010098739607678335 -0.0008258807975639897 -0.0008258807975639897 -0.0008258807975639897 -0.0038569029367242166 -0.0033561152520103807 -0.002354539882582709 -0.002354539882582709 -0.002354539882582709 
0 0 0 0 0 -0.00383603748547988 -0.00575405622821982 -0.0095900937136997 -0.0095900937136997 -0.013426131199179578 -0.007595578144921908 -0.003683043833404178 0.0041420247896312825 0.0041420247896312825 0.011967093412666744 0.011967093412666744 0.009972577843888953 0.005983546706333371 0.005983546706333371 0.0019945155687777906 0 0 0 0 0 0 0 0 0 0 0 0.00139509714333147 0.004449266964886192 0.006108339643109443 0.006108339643109443 0.009162509464664164 0.008031387856224476 0.0037916495020382398 0.0014078047900533386 0.0014078047900533386 -0.0009698827749238648 -0.0017346459945294821 -0.0015506528313256381 -0.0013266684822778258 -0.0013266684822778258 -0.004357690621438053 -0.0038569029367242166 -0.0028553275672965448 -0.002354539882582709 -0.002354539882582709 
0 0 0 0 0 -0.00383603748547988 -0.00575405622821982 -0.0095900937136997 -0.0095900937136997 -0.0095900937136997 -0.003759540659442029 0.0001529936520757013 0.007978062275111162 0.007978062275111162 0.007978062275111162 0.007978062275111162 0.005983546706333371 0.0019945155687777906 0.0019945155687777906 0.0019945155687777906 0 0 0 0 0 0 0 0 0 0 0 0.00139509714333147 0.004449266964886192 0.006108339643109443 0.009426484999555946 0.012480654821110666 0.011349533212670978 0.007109794858484742 0.004725950146499842 0.0013112252356850779 -0.0010664623292921255 -0.001831225548897743 -0.001647232385693899 -0.0014232480366460861 -0.003681208364860534 -0.006712230504020761 -0.006211442819306925 -0.005209867449879254 -0.004709079765165418 -0.002354539882582709 
0 0 0 0 0 0 -0.00191801874273994 -0.00575405622821982 -0.00575405622821982 -0.00575405622821982 -0.00575405622821982 -0.0018415219167020893 0.005983546706333371 0.005983546706333371 0.005983546706333371 0.005983546706333371 0.003989031137555581 0 0 0 0 0 0 0 0 0 0 0 0 0 0 0.00139509714333147 0.004449266964886192 0.006108339643109443 0.009426484999555946 0.009690460534447727 0.008559338926008039 0.004319600571821802 0.0019357558598369017 -0.0014789690509778622 -0.0025160063968154224 -0.00328076961642104 -0.003096776453217196 -0.0028727921041693835 -0.005130752432383832 -0.004357690621438053 -0.0038569029367242166 -0.0028553275672965448 -0.002354539882582709 0 
0 0 0 0 0 0 0 -0.00383603748547988 -0.00383603748547988 -0.00383603748547988 -0.00383603748547988 -0.00383603748547988 0.003989031137555581 0.003989031137555581 0.003989031137555581 0.003989031137555581 0.003989031137555581 0 0 0 0 0 0 0 0 0 0 0 0 0 0 0 0.0030541698215547216 0.004713242499777974 0.008031387856224476 0.008295363391116257 0.007570591357354609 0.003330853003168372 0.0009470082911834715 -0.0024677166196312925 -0.0035047539654688526 -0.002779981931707204 -0.00259598876850336 -0.0023720044194555476 -0.004629964747669996 -0.0038569029367242166 -0.0038569029367242166 -0.0028553275672965448 -0.002354539882582709 0 
0 0 0 0 0 0 0 0 0 0 0 0 0 0 0 0 0 0 0 0 0 0 0 0 0 0 0 0 0 0 0 0 0 0.0016590726782232516 0.004977218034669755 0.005241193569561537 0.0045164215357998885 0.0045164215357998885 0.0021325768238149873 -0.0012821480869997766 -0.002319185432837337 -0.0015944133990756881 -0.0015944133990756881 -0.0013704290500278756 -0.003628389378242324 -0.0028553275672965448 -0.0028553275672965448 -0.0028553275672965448 -0.002354539882582709 0 
0 0 0 0 0 0 0 0 0 0 0 0 0 0 0 0 0 0 0 0 0 0 0 0 0 0 0 0 0 0 0 0 0 0 0.003318145356446503 0.0035821208913382847 0.002857348857576636 0.002857348857576636 0.002857348857576636 -0.0005573760532381278 -0.0015944133990756881 -0.0008696413653140395 -0.0008696413653140395 -0.0008696413653140395 -0.003127601693528488 -0.002354539882582709 -0.002354539882582709 -0.002354539882582709 -0.002354539882582709 0 
0 0 0 0 0 0 0 0 0 0 0 0 0 0 0 0 0 0 0 0 0 0 0 0 0 0 0 0 0 0 0 0 0 0 0 0.0002639755348917814 -0.00046079649886986726 -0.00046079649886986726 -0.00046079649886986726 -0.00046079649886986726 -0.0014978338447074278 -0.000773061810945779 -0.000773061810945779 -0.000773061810945779 -0.000773061810945779 0 0 0 0 0 
0 0 0 0 0 0 0 0 0 0 0 0 0 0 0 0 0 0 0 0 0 0 0 0 0 0 0 0 0 0 0 0 0 0 0 0 -0.0007247720337616487 -0.0007247720337616487 -0.0007247720337616487 -0.0007247720337616487 -0.0007247720337616487 0 0 0 0 0 0 0 0 0 
0 0 0 0 0 0 0 0 0 0 0 0 0 0 0 0 0 0 0 0 0 0 0 0 0 0 0 0 0 0 0 0 0 0 0 0 0 0 0 0 0 0 0 0 0 0 0 0 0 0 
0 0 0 0 0 0 0 0 0 0 0 0 0 0 0 0 0 0 0 0 0 0 0 0 0 0 0 0 0 0 0 0 0 0 0 0 0 0 0 0 0 0 0 0 0 0 0 0 0 0 
0 0 0 0 0 0 0 0 0 0 0 0 0 0 0 0 0 0 0 0 0 0 0 0 0 0 0 0 -0.013104928510688701 -0.013104928510688701 -0.013104928510688701 -0.013104928510688701 -0.013104928510688701 0 0 0 0 0 0 0 0 0 0 0 0 0 0 0 0 0 
0.011128943126729981 0.011128943126729981 0.011128943126729981 0.011128943126729981 0 0 0 0 0 0 0 0 0 0 0 0 0 0 0 0 0 0 0 0 -0.013104928510688701 -0.013104928510688701 -0.013104928510688701 -0.013104928510688701 -0.026209857021377403 -0.026209857021377403 -0.026209857021377403 -0.026209857021377403 -0.026209857021377403 -0.013104928510688701 0 0 0 0 0 0 0 0 0 0 0 0 0 0 0 0 
0.03338682938018994 0.03338682938018994 0.03338682938018994 0.03338682938018994 0.022257886253459962 0 0 0 0 0 0 0 0 0 0 0 0 0 0 0 0 0 0 0 -0.013104928510688701 -0.039314785532066104 -0.039314785532066104 -0.039314785532066104 -0.052419714042754806 -0.052419714042754806 -0.026209857021377403 -0.026209857021377403 -0.026209857021377403 -0.013104928510688701 0 0 0 0 0 0 0 0 0 0 0 0 0 0 0 0 
0.03338682938018994 0.044515772506919925 0.044515772506919925 0.044515772506919925 0.03338682938018994 0.011128943126729981 0 0 0 0 0 0 0 0 0 0 0 0 0 0 0 0 0 0 -0.013104928510688701 -0.039314785532066104 -0.052419714042754806 -0.052419714042754806 -0.06552464255344351 -0.06552464255344351 -0.039314785532066104 -0.026209857021377403 -0.026209857021377403 -0.013104928510688701 0 0 0 0 0 0 0 0 0 0 0 0 0 0 0 0 
0.044515772506919925 0.05564471563364991 0.05564471563364991 0.05564471563364991 0.044515772506919925 0.022257886253459962 0.011128943126729981 0 0 0 0 0 0 0 0 0 0 0 0 0 0 0 0 0 -0.013104928510688701 -0.039314785532066104 -0.052419714042754806 -0.07862957106413221 -0.09173449957482091 -0.09173449957482091 -0.06552464255344351 -0.052419714042754806 -0.026209857021377403 -0.013104928510688701 0 0 0 0 0 0 0 0 0 0 0 0 0 0 0 0 
0.05564471563364991 0.06677365876037988 0.06677365876037988 0.05564471563364991 0.044515772506919925 0.022257886253459962 0.011128943126729981 0 0 0 0 0 0 0 0 0 0 0 0 0 0 0 0 0 -0.013104928510688701 -0.039314785532066104 -0.052419714042754806 -0.07862957106413221 -0.07862957106413221 -0.07862957106413221 -0.052419714042754806 -0.039314785532066104 -0.013104928510688701 -0.01997240802196565 -0.006867479511276946 -0.006867479511276946 -0.006867479511276946 -0.006867479511276946 0 0 0 0 0 0 0 0 0 0 0 0 
0.05564471563364991 0.06677365876037988 0.06677365876037988 0.05564471563364991 0.05496407530662398 0.03270618905316402 0.021577245926434035 0.010448302799704053 0.010448302799704053 0 0 0 0 0 0 0 0 0 0 0 0 0 0 0 0 -0.026209857021377403 -0.039314785532066104 -0.06552464255344351 -0.06552464255344351 -0.06552464255344351 -0.039314785532066104 -0.026209857021377403 0 -0.006867479511276946 -0.020602438533830838 -0.020602438533830838 -0.020602438533830838 -0.020602438533830838 -0.013734959022553892 0 0 0 0 0 0 0 0 0 0 0 
0.03338682938018994 0.044515772506919925 0.044515772506919925 0.03338682938018994 0.03270618905316402 0.04315449185286807 0.03202554872613809 0.020896605599408105 0.020896605599408105 0.010448302799704053 0 0 0 0 0 0 0 0 0 0 0 0 0 0 0 -0.012566381088974059 -0.02567130959966276 -0.05188116662104016 -0.05188116662104016 -0.05188116662104016 -0.05304974455462 -0.0399448160439313 -0.013734959022553892 -0.020602438533830838 -0.03433739755638473 -0.020602438533830838 -0.020602438533830838 -0.020602438533830838 -0.013734959022553892 0 0.005202555089256304 0.005202555089256304 0.005202555089256304 0.005202555089256304 0.005202555089256304 0 0 0 0 0 
0.03338682938018994 0.03338682938018994 0.03338682938018994 0.022257886253459962 0.021577245926434035 0.03202554872613809 0.03724970012599012 0.02612075699926013 0.02612075699926013 0.01567245419955608 0.005224151399852026 -0.0011813755845035366 -0.0011813755845035366 -0.0011813755845035366 -0.0011813755845035366 -0.0011813755845035366 0 0 0 0 0 0 0 0 0 -0.012566381088974059 -0.018849571633461088 -0.04505942865483849 -0.04505942865483849 -0.04505942865483849 -0.04622800658841833 -0.046812295555208244 -0.020602438533830838 -0.027469918045107785 -0.041204877067661676 -0.027469918045107785 -0.023257224017116055 -0.023257224017116055 -0.016389744505839108 -0.0026547854832852168 0.002547769605971087 0.0078038326338844555 0.0078038326338844555 0.0078038326338844555 0.0078038326338844555 0.002601277544628152 0 0 0 0 
0.022257886253459962 0.022257886253459962 0.022257886253459962 0.011128943126729981 0.010448302799704053 0.020896605599408105 0.02612075699926013 0.03656905979896419 0.03656905979896419 0.02612075699926013 0.01567245419955608 0.009266927215200517 -0.0035441267535106097 -0.0035441267535106097 -0.0035441267535106097 -0.0035441267535106097 -0.0023627511690070733 0 0 0 0 0 0 0 0 -0.012566381088974059 -0.018849571633461088 -0.03141595272243515 -0.03141595272243515 -0.03141595272243515 -0.03258453065601498 -0.03316881962280489 -0.03433739755638473 -0.041204877067661676 -0.05493983609021557 -0.041204877067661676 -0.036992183039669946 -0.023364239894430185 -0.016496760383153238 -0.0027618013605993463 0.0024407537286569576 0.007696816756570326 0.0078038326338844555 0.0078038326338844555 0.0078038326338844555 0.002601277544628152 0 0 0 0 
0.011128943126729981 0.011128943126729981 0.011128943126729981 0.011128943126729981 0.010448302799704053 0.020896605599408105 0.02612075699926013 0.03656905979896419 0.04179321119881621 0.03134490839911216 0.020896605599408105 0.014491078615052543 0.001680024646341416 -0.0047255023380141465 -0.0047255023380141465 -0.0047255023380141465 -0.0035441267535106097 -0.0011813755845035366 0 0 0 0 0 0 0 -0.012566381088974059 -0.018849571633461088 -0.03141595272243515 -0.04349485430336844 -0.04349485430336844 -0.04466343223694828 -0.0452477212037382 -0.046416299137318026 -0.03433739755638473 -0.04807235657893862 -0.03433739755638473 -0.030124703528393002 -0.016496760383153238 -0.016550268321810304 -0.002815309299256411 0.002387245789999893 0.007643308817913261 0.007750324695227391 0.0078038326338844555 0.0078038326338844555 0.002601277544628152 0 0 0 0 
0 0 0 0 0 0.010448302799704053 0.01567245419955608 0.02612075699926013 0.03134490839911216 0.03134490839911216 0.020896605599408105 0.014491078615052543 0.001680024646341416 -0.0047255023380141465 -0.00708825350702122 -0.00708825350702122 -0.005906877922517683 -0.0035441267535106097 -0.0023627511690070733 0 0 0 0 0 0 -0.012566381088974059 -0.018849571633461088 -0.03141595272243515 -0.04349485430336844 -0.06765265746523504 -0.06882123539881486 -0.06940552436560478 -0.07057410229918461 -0.05849520071825132 -0.03964696852295516 -0.025912009500401272 -0.021699315472409542 -0.00807137232716978 -0.008124880265826844 0.002387245789999893 0.007589800879256196 0.012845863907169566 0.012952879784483695 0.01300638772314076 0.0078038326338844555 0.002601277544628152 0 0 0 0 
0 0 0 0 0 0 0.005224151399852026 0.01567245419955608 0.020896605599408105 0.020896605599408105 0.019715230014904567 0.013309703030549005 0.0004986490618378793 -0.005906877922517683 -0.008269629091524757 -0.008269629091524757 -0.00708825350702122 -0.0047255023380141465 -0.0035441267535106097 -0.0011813755845035366 0 0 0 0 0 0 -0.006283190544487029 -0.018849571633461088 -0.030928473214394382 -0.055086276376260984 -0.06667769844915351 -0.06726198741594343 -0.06843056534952326 -0.056351663768589966 -0.037503431573293805 -0.031221580466971707 -0.027008886438979977 -0.013380943293740214 -0.013434451232397279 -0.0029223251765705407 0.002387245789999893 0.007643308817913261 0.007750324695227391 0.0078038326338844555 0.002601277544628152 0.002601277544628152 0 0 0 0 
0 0 0 0 0 0 0 0.010448302799704053 0.01567245419955608 0.01567245419955608 0.014491078615052541 0.014491078615052541 0.001680024646341416 -0.0047255023380141465 -0.00708825350702122 -0.00708825350702122 -0.00708825350702122 -0.0047255023380141465 -0.0035441267535106097 -0.0011813755845035366 0 0 0 0 0 0 0 -0.012566381088974059 -0.024645282669907353 -0.04880308583177395 -0.06039450790466648 -0.06619021894111275 -0.06735879687469258 -0.05527989529375928 -0.03643166309846312 -0.030149811992141024 -0.02435410095569476 -0.010726157810454997 -0.010779665749112061 -0.0002675396932853239 0.00504203127328511 0.00504203127328511 0.005149047150599239 0.005202555089256304 0 0 0 0 0 0 
0 0 0 0 0 0 0 0 0.005224151399852026 0.005224151399852026 0.004042775815348489 0.004042775815348489 0.004042775815348489 -0.0023627511690070733 -0.0047255023380141465 -0.0047255023380141465 -0.0047255023380141465 -0.0047255023380141465 -0.0035441267535106097 -0.0011813755845035366 0 0 0 0 0 0 0 -0.011591422072892531 -0.023670323653825823 -0.047828126815692415 -0.059419548888584944 -0.06521525992503122 -0.05362383785213868 -0.04154493627120539 -0.02269670407590923 -0.016414852969587133 -0.010619141933140867 -0.010619141933140867 -0.010672649871797932 -0.00016052381597119435 0.005149047150599239 0.005149047150599239 0.005149047150599239 0.005202555089256304 0 0 0 0 0 0 
0 0 0 0 0 0 0 0 0 0 -0.0011813755845035366 -0.0011813755845035366 -0.0011813755845035366 -0.0011813755845035366 -0.0035441267535106097 -0.0035441267535106097 -0.0035441267535106097 -0.0035441267535106097 -0.0035441267535106097 -0.0011813755845035366 0 0 0 0 0 0 0 -0.011591422072892531 -0.011591422072892531 -0.03574922523475912 -0.047340647307651654 -0.05313635834409792 -0.04154493627120539 -0.04154493627120539 -0.02269670407590923 -0.016414852969587133 -0.010619141933140867 -0.010619141933140867 -0.010619141933140867 -0.00010701587731412956 0.005202555089256304 0.005202555089256304 0.005202555089256304 0.005202555089256304 0 0 0 0 0 0 
0 0 0 0 0 0 0 0 0 0 -0.0011813755845035366 -0.0011813755845035366 -0.0011813755845035366 -0.0011813755845035366 -0.0011813755845035366 -0.0011813755845035366 -0.0011813755845035366 -0.0011813755845035366 -0.0011813755845035366 -0.0011813755845035366 0 0 0 0 0 0 0 -0.011591422072892531 -0.011591422072892531 -0.011591422072892531 -0.023182844145785062 -0.028978555182231327 -0.017387133109338797 -0.017387133109338797 -0.017387133109338797 -0.011105282003016699 -0.0053095709665704335 -0.0053095709665704335 -0.0053095709665704335 -0.0053095709665704335 0 0 0 0 0 0 0 0 0 0 
